1 48,3,14 90
1 48,3,13 90
1 48,3,12 90
1 48,3,11 90
1 48,3,10 90
1 48,3,9 90
1 48,3,8 90
1 47,3,14 0
1 46,3,14 0
1 45,3,14 0
1 44,3,14 0
1 43,3,14 0
1 42,3,14 0
1 41,3,14 0
1 40,3,14 0
1 39,3,14 0
1 38,3,14 0
1 37,3,14 0
1 36,3,14 90
1 36,3,13 90
1 36,3,12 90
1 36,3,11 90
1 36,3,4 90
1 36,3,5 90
1 36,3,6 90
1 36,3,7 90
1 48,3,4 0
1 47,3,4 0
1 46,3,4 0
1 45,3,4 0
1 44,3,4 0
1 43,3,4 0
1 42,3,4 0
1 41,3,4 0
1 40,3,4 0
1 39,3,4 0
1 38,3,4 0
1 37,3,4 0
2 42,4,9 0
3 56,4,24 0
4 4,0,0 0
4 9,0,0 0
4 15,0,0 0
4 22,0,3 90
4 27,1,6 0
4 63,2,4 90
4 56,3,31 180
4 40,3,31 180
5 4,0,18 180
5 9,0,18 180
5 15,0,18 180
5 22,0,15 90
5 27,1,12 180
5 49,2,8 270
5 40,3,24 0
6 35,1,7 90
6 35,1,11 90
6 54,2,20 180
6 58,2,20 180
7 35,1,9 0
7 56,2,20 0
9 0,0,2 0
9 0,0,5 0
9 0,0,8 0
9 0,0,11 0
9 0,0,14 0
9 0,0,17 0
9 50,2,0 0
9 52,2,0 0
9 54,2,0 0
9 56,2,0 0
9 58,2,0 0
9 60,2,0 0
9 62,2,0 0
10 25,4,30 90