1 17,4,4 90
1 17,4,5 90
1 17,4,6 90
1 17,4,7 90
1 27,4,19 90
1 27,4,18 90
1 27,4,17 90
1 27,4,16 90
1 30,4,19 90
1 30,4,18 90
1 30,4,17 90
1 30,4,16 90
1 27,2,15 90
1 27,2,14 90
1 27,2,13 90
1 30,2,15 90
1 30,2,14 90
1 30,2,13 90
2 12,4,0 0
2 21,5,9 0
2 12,5,29 0
2 0,2,13 0
3 13,5,9 0
3 6,2,13 0
3 31,5,10 0
4 23,4,3 90
4 19,3,15 180
4 12,2,15 180
4 9,1,18 90
4 16,3,18 0
5 5,0,7 180
5 13,1,7 180
5 16,1,5 90
5 5,1,26 180
5 16,3,26 180
6 9,1,24 90
7 21,3,11 0
7 9,1,25 0
7 29,1,7 0
7 29,3,4 0
9 4,0,0 0
9 6,0,0 40
9 8,0,0 0
9 0,0,6 0
9 0,0,4 0
9 11,1,7 0
9 15,1,7 0
9 23,4,0 0
9 23,4,1 0
9 23,4,5 0
9 23,4,6 0
9 14,3,22 0
9 14,3,20 0
9 14,3,18 0
9 18,3,18 0
9 25,5,21 0
9 25,5,24 0
9 29,5,21 0
9 29,5,24 0
10 30,5,1 180