1 36,4,23 0
1 37,4,23 0
1 38,4,23 0
1 39,4,23 0
1 40,4,23 0
1 41,4,23 0
1 42,4,23 0
1 43,4,23 0
1 44,4,23 0
1 45,4,23 0
1 46,4,23 0
1 47,4,23 0
1 48,4,23 0
1 49,4,23 0
1 50,4,23 0
1 51,4,23 0
1 52,4,23 0
1 53,4,23 0
1 54,4,23 0
1 55,4,23 0
1 56,4,23 0
1 57,4,23 0
1 58,4,23 0
1 59,4,23 0
1 60,4,23 0
1 61,4,23 0
1 62,4,23 0
1 63,4,23 0
1 51,4,23 0
1 35,5,24 90
1 35,5,25 90
1 35,5,26 90
1 35,5,27 90
1 35,5,28 90
2 7,0,9 0
2 42,1,6 0
2 62,3,1 0
2 9,3,26 0
2 61,0,26 0
3 40,2,11 0
4 6,0,0 0
4 63,2,7 90
5 6,0,13 180
5 0,2,19 270
5 6,3,31 180
5 31,5,31 180
6 61,2,13 180 
6 38,0,13 90
7 38,0,11 0
7 57,2,13 0
8 39,1,8 0
8 39,1,7 0
8 39,1,6 0
8 39,1,5 0
8 39,1,4 0
8 40,1,4 0
8 41,1,4 0
8 42,1,4 0
8 43,1,4 0
8 43,1,8 0
8 42,1,8 0
8 41,1,8 0
8 40,1,8 0
9 18,0,0 90
9 18,0,2 60
9 18,0,10 90
9 18,0,12 120
10 62,0,30 90